-2.000029325586155 -0.4999408449064196
-2.00002932883858 -0.49994082586331606
-2.0000293321895777 -0.49994080624310483
-2.0000293354420298 -0.4999407871999159
-2.000029338694496 -0.4999407681566848
-2.000029342045536 -0.4999407485363419
-2.0000293452980293 -0.4999407294930251
-2.0000293485505365 -0.4999407104496661
-2.0000293519016186 -0.4999406908291915
-2.000029355154153 -0.4999406717857469
-2.0000293584067026 -0.49994065274226007
-2.0000293617578278 -0.4999406331216538
-2.0000293650104046 -0.49994061407808144
-2.0000293682629953 -0.49994059503446675
-2.000029371614163 -0.4999405754137289
-2.0000293748667812 -0.4999405563700286
-2.0000293781194123 -0.49994053732628624
-2.0000293814706227 -0.49994051770541653
-2.0000293847232817 -0.4999404986615886
-2.000029387975954 -0.49994047961771837
-2.0000293913272067 -0.49994045999671705
-2.000029394579907 -0.4999404409527613
-2.0000293978326216 -0.4999404219087632
-2.0000294011839177 -0.49994040228763015
-2.00002940443666 -0.4999403832435465
-2.000029407689416 -0.49994036419942073
-2.0000294110407544 -0.49994034457815606
-2.0000294142935378 -0.4999403255339447
-2.000029417546335 -0.4999403064896911
-2.0000294208977154 -0.4999402868682947
-2.0000294241505396 -0.49994026782395545
-2.0000294274033776 -0.499940248779574
-2.0000294307548003 -0.4999402291580459
-2.0000294340076663 -0.4999402101135789
-2.0000294372605465 -0.4999401910690696
-2.000029440612013 -0.49994017144740993
-2.000029443864921 -0.499940152402815
-2.000029447117842 -0.49994013335817783
-2.0000294504693503 -0.4999401137363864
-2.0000294537222993 -0.4999400946916638
-2.0000294569752617 -0.4999400756468989
-1.999872194003743 -0.499939926305393
-1.999707043151736 -0.49993977672449236
-1.999541861294553 -0.4999396067820345
-1.9992144165328931 -0.4999392779365389
-1.9988841300467834 -0.49993895205495237
-1.9985537831233655 -0.4999386238046615
-1.9982133643923932 -0.49993828498521375
-1.997882898291318 -0.49993795558150217
-1.9975523732737752 -0.4999376257001008
-1.9972117705970676 -0.49993728538871746
-1.9968811255886825 -0.4999369547294368
-1.9963982282364199 -0.4999364759604885
-1.9958873945557918 -0.4999359721216555
-1.9952393391510075 -0.49993533374603183
-1.9945783022659243 -0.49993468434342536
-1.993897105118604 -0.4999340149918435
-1.99308378039987 -0.4999332172662419
-1.992257332677906 -0.4999324068260806
-1.9912487681165256 -0.4999314209896693
-1.9902569630483677 -0.49993045154468296
-1.9891133194802806 -0.4999293363183009
-1.9879210316067115 -0.4999281777206003
-1.9867635920449145 -0.49992705780670116
-1.9854548186020842 -0.49992579482285
-1.9840918112781785 -0.4999244862435134
-1.9826180541448697 -0.49992307652112605
-1.9811295897978682 -0.49992166187385506
-1.9795957350680042 -0.4999202167461163
-1.9779573755040514 -0.4999186805791072
-1.9761543585155519 -0.4999169951522995
-1.9742795643236946 -0.499915258457556
-1.972459645282827 -0.49991359140982927
-1.9704937320909837 -0.4999118033068663
-1.9684485573573938 -0.4999099617382486
-1.9663215497887578 -0.4999080559431509
-1.9641721235790683 -0.4999061355836154
-1.9619580161880916 -0.49990417008633786
-1.9596796907049074 -0.4999021508767744
-1.9572481633751693 -0.49990002321144256
-1.9546976282738113 -0.4998977981030387
-1.9522238821034779 -0.499895597711047
-1.9497402188053314 -0.4998952614122391
-1.9472124436683595 -0.4998988667854868
-1.94478025647283 -0.4998934803727721
-1.942289296575056 -0.49988944410884645
-1.939584889381568 -0.4998858613171329
-1.9367536127754856 -0.49988233895900436
-1.9337868200458312 -0.4998790610423337
-1.930731926397744 -0.49987545890325524
-1.9276306376360788 -0.49987166787690046
-1.9244999703870747 -0.49986781545493814
-1.9212740644724244 -0.49986379251831203
-1.917996327481325 -0.4998596061249971
-1.91469928211698 -0.4998553545268553
-1.9111472066695965 -0.49985068655285975
-1.9076839998869202 -0.4998461006446135
-1.9042201985765512 -0.49984148964529557
-1.9004940443846232 -0.499836464406953
-1.8968639934370461 -0.4998315514299744
-1.8930812067798632 -0.4998263833687136
-1.8891697563169116 -0.49982103508771386
-1.885372637144555 -0.49981585714904525
-1.8814236008519774 -0.49981044612009373
-1.87733989887107 -0.4998048753683437
-1.8733755733233657 -0.49979950703749854
-1.8692631837818667 -0.4997939201783947
-1.8650080275156815 -0.49978818457235497
-1.860878663305122 -0.49978265666592575
-1.8566180502223282 -0.4997768686706306
-1.8521966185905847 -0.49977092653142835
-1.8478702589502214 -0.4997659094356016
-1.8435564478674442 -0.49976204759201764
-1.8390952688560365 -0.4997541252614218
-1.8346231081126851 -0.49974604392204625
-1.8300093273259643 -0.49973796758560035
-1.8252542016751638 -0.49972937016775604
-1.8206385438321555 -0.49972095198689165
-1.8158778131210573 -0.499712072269121
-1.8109508278713182 -0.4997027977486626
-1.8061679517877072 -0.4996937471028107
-1.8012333817478179 -0.49968429076206816
-1.7961338607011943 -0.4996744777488376
-1.7910314599381465 -0.4996645688314997
-1.7859151044042643 -0.499654622572928
-1.7806427196472605 -0.49964439498812646
-1.7753735909335258 -0.4996341256936327
-1.7700893115862562 -0.49962386411013276
-1.7644919420097145 -0.4996129361363132
-1.759042271463769 -0.49960234417561045
-1.7534592678533054 -0.4995912999619873
-1.7476784968220194 -0.4995799226535582
-1.7420855795499015 -0.4995693043549417
-1.7365262729843574 -0.4995561449809241
-1.7307512041324329 -0.49954236457114065
-1.7251457933872054 -0.49952887020419073
-1.7195404374167909 -0.49951529050726445
-1.7137644920376165 -0.4995012065715157
-1.7081575677642973 -0.4994874601733543
-1.7025497311261666 -0.49947365469634264
-1.6967709809609564 -0.4994593887354026
-1.691161228091594 -0.49944551340393106
-1.6855504845763287 -0.499431628665868
-1.6797686542782806 -0.4994173309561643
-1.6741558203997118 -0.49940348735918655
-1.6685419353681374 -0.4993896921168918
-1.6627569335237282 -0.4993755424613868
-1.6571420099325602 -0.4993618888574737
-1.6515281337595484 -0.49934828411013155
-1.6457462441922035 -0.4993343840736258
-1.6401433815187205 -0.49932135058207633
-1.634582085940219 -0.4993068834799084
-1.6288182830017113 -0.49929040844790173
-1.6232128657677256 -0.49927420498331637
-1.6176076673130135 -0.49925791797676555
-1.6118319658017364 -0.4992410428219492
-1.6062253128390325 -0.49922458175581397
-1.6006177603964007 -0.4992080559642694
-1.5948393046989857 -0.4991909832634452
-1.58922984799626 -0.49917437865151276
-1.5836194119015115 -0.49915775865712136
-1.5778379065210735 -0.4991406375565994
-1.5722253940901332 -0.4991240463701851
-1.5666118289159943 -0.49910749999345705
-1.5608270970111695 -0.4990905121999755
-1.5552120394559767 -0.49907410075872993
-1.5495977892514847 -0.4990577519344859
-1.5438151052876417 -0.49904098960274795
-1.5382074486612591 -0.49902484229265215
-1.532633944794302 -0.49900921827003425
-1.526886229998196 -0.49898991848012064
-1.5212795204265526 -0.4989706509503686
-1.5156743192321984 -0.49895133326297714
-1.5098988403903273 -0.49893133674676027
-1.504292450401659 -0.4989118410485062
-1.4986851799243486 -0.49889227600604896
-1.492907019599153 -0.49887206602723533
-1.4872978537485795 -0.49885241228449856
-1.4816877214546462 -0.49883273750707013
-1.4759065371304547 -0.49881246392308465
-1.4702943443802898 -0.4987928050194365
-1.4646811027766808 -0.49877318649234426
-1.4588966775576397 -0.49875302990581183
-1.4532816194556584 -0.4987335363288837
-1.4476670598569663 -0.49871411722805975
-1.4418837706198082 -0.4986941650822142
-1.436273696923314 -0.49867495118401617
-1.4306847107325729 -0.49865774649746086
-1.424952917118391 -0.49863536244328444
-1.4193472541465062 -0.4986127207007855
-1.4137419629117016 -0.49859004235934146
-1.4079667020958286 -0.49856658393608294
-1.4023605720455923 -0.49854372396791924
-1.396753585314095 -0.49852078902334396
-1.3909757256092705 -0.4984971006735151
-1.385366853467284 -0.4984740670766877
-1.3797570281225495 -0.49845100743138043
-1.3739761694877917 -0.49842724014532563
-1.3683643006746302 -0.49840418324020364
-1.3627513869322934 -0.49838116170374763
-1.356967288417888 -0.4983574945105938
-1.35135237455734 -0.49833458713625045
-1.3457375614113825 -0.49831176139575817
-1.3399537809237854 -0.49828829594629487
-1.3343546885208368 -0.4982626571871449
-1.328764048705969 -0.49822734694782156
-1.3230536453294965 -0.4981802477774278
-1.317547310400577 -0.4981336957487365
-1.3119782621462306 -0.4980720105625019
-1.30623414199437 -0.4979891241473366
-1.300658657741751 -0.49788995290308746
-1.2950827094714772 -0.4977723226056309
-1.2893373082049315 -0.4976318256925524
-1.2837604531322098 -0.49747673105448176
-1.278183201661803 -0.497303192391344
-1.2724365551853276 -0.4971051077248735
-1.2668585867277118 -0.4968941545847986
-1.2612804033383607 -0.4966648390692306
-1.255532871820185 -0.49640919842943154
-1.2499542472328395 -0.4961423694701739
-1.2443760863490447 -0.4958571475607979
-1.2386304327278534 -0.4955441825643337
-1.233055978547502 -0.495221974430509
-1.2274873711598437 -0.49488159686358124
-1.2217926606570173 -0.4945131035839059
-1.216307815059956 -0.49412783700661367
-1.2108258761712565 -0.4937113239705431
-1.205134674423025 -0.4932441874247708
-1.1996103325671994 -0.4927534292271038
-1.1940886669755466 -0.49222603663627534
-1.1884026207799596 -0.4916443377938221
-1.1828868284786258 -0.49104256381569694
-1.1773742012155457 -0.4904042007250203
-1.1716980570813496 -0.48970823771831135
-1.1661924872948397 -0.4889956297512858
-1.1606906897416231 -0.48824648301239015
-1.1550264271985546 -0.4874364550708371
-1.1495336203971676 -0.4866133055320017
-1.1440461757760434 -0.48575392421487196
-1.138419493576892 -0.4848302514808947
-1.1329659353695969 -0.4838882247657226
-1.1275175450814707 -0.48290143381498846
-1.1219304651586204 -0.48183784389331
-1.1165173449357586 -0.48075126852775535
-1.1111176691922373 -0.47961188142507727
-1.1055909341455876 -0.4783865106383129
-1.100280801807689 -0.4771501759403248
-1.0949433444207897 -0.47584814351018906
-1.0894337692105633 -0.4744449143105248
-1.0841004342577822 -0.4730291315311085
-1.078780664640549 -0.4715601958859909
-1.0733142437029144 -0.46999129755545566
-1.0680232290156588 -0.46841478300824896
-1.0627475627996978 -0.46678556987493597
-1.0573290182116235 -0.4650522163344819
-1.0520880043875747 -0.46331686823994195
-1.0468786068410043 -0.46153512837562444
-1.0415182120875155 -0.45964264820518796
-1.0363312204840665 -0.45775282465635586
-1.0311624900289558 -0.4558117317955238
-1.025856459768563 -0.45375826828064086
-1.020725774147981 -0.45171340768485113
-1.0156149374733816 -0.4496178572499869
-1.01037112479785 -0.4474062101144951
-1.0053036685432908 -0.4452088717286998
-1.0002594039905737 -0.4429621607207218
-0.9950970742585119 -0.4405996655452086
-0.9901540377461964 -0.4382747875564546
-0.9852174452081729 -0.4358888571796217
-0.9801216676055446 -0.43336144268177074
-0.9751912352872764 -0.43085736739687835
-0.9702794430313384 -0.4283107865544276
-0.9652114717890664 -0.42563250930905416
-0.9603288065159035 -0.42300978496278385
-0.9554593367106079 -0.42035276413599376
-0.9504599902188209 -0.4175813480842276
-0.9456250210073702 -0.41485863660920513
-0.940822406824658 -0.4121079853782946
-0.9358968291647665 -0.40923197026206026
-0.9311387491014813 -0.4064001733187851
-0.926417486531602 -0.403532957110964
-0.9215825719612936 -0.40052993112101065
-0.9169184831493044 -0.39756778688501665
-0.9122834024506753 -0.3945594207356885
-0.9075392324432355 -0.3914121596292674
-0.9029660948553989 -0.3883117644550391
-0.8984256710572847 -0.38516754600617126
-0.893793040944445 -0.3818900130732412
-0.8893726942125703 -0.3786945275111342
-0.8849743161228191 -0.37544451169950177
-0.880436632349752 -0.3720223378964445
-0.8760663056468802 -0.3686569132473528
-0.8717291232685711 -0.3652480412616631
-0.8672954110569174 -0.36169057161394236
-0.863026355147043 -0.35819404749826184
-0.8587914505548637 -0.35465480509373004
-0.8544643739270158 -0.3509639798482472
-0.850300071429512 -0.34733901050065086
-0.846171132399171 -0.343672296710416
-0.8419544612630984 -0.3398511456336824
-0.8378985063668409 -0.336100686103751
-0.8338793425328951 -0.33230972567486555
-0.8297776968526361 -0.3283623393403765
-0.8258358210732939 -0.3244918500172083
-0.8219428507360915 -0.3205931456936654
-0.8179877262253343 -0.3165557850666947
-0.8141632153700604 -0.31257522152600664
-0.8103778539872138 -0.3085569543645268
-0.8065237207307389 -0.30438182152824506
-0.8028484143843004 -0.3003177975464334
-0.79920818338547 -0.29620773782181276
-0.795481333506561 -0.2919129959266217
-0.7919072585303845 -0.28770948036656563
-0.7883748068191507 -0.28347030999526573
-0.7847789524604876 -0.27906555959483514
-0.7813315218686503 -0.27475461427617726
-0.777926448039539 -0.2704088280342154
-0.7744630353054683 -0.26589557559946575
-0.7711456681850415 -0.26148122371947363
-0.7678727251384386 -0.2570345467182605
-0.7645559796251254 -0.2524321359304802
-0.7613962214074868 -0.24795844175649256
-0.7582570419335763 -0.24342352252385682
-0.7550661400441786 -0.23871397799460584
-0.7520144575310358 -0.23411145946575654
-0.749007735907926 -0.22947834574194723
-0.7459575975971517 -0.2246738102945771
-0.7430440502769421 -0.21998126434893195
-0.7401772106184995 -0.21526060900069136
-0.737274750389632 -0.21037702245783313
-0.7344990250512087 -0.20561380949158284
-0.7317678960886486 -0.20083299244702915
-0.7289773278353302 -0.19585714300609325
-0.726296042815605 -0.19099932148914064
-0.7236470698166705 -0.18612369352715122
-0.7209520285574648 -0.18108221857486398
-0.7183729390523274 -0.17617782754662892
-0.7158429579216635 -0.17129376086417888
-0.7132564267188337 -0.1662258280261034
-0.7107665041099452 -0.1612672594048775
-0.7082995251300226 -0.1562813237883213
-0.7057825922508497 -0.15112977894960827
-0.7033642729168743 -0.14611670244986733
-0.7009609375037638 -0.14108035921745368
-0.698500971971504 -0.1358810136594184
-0.6961297030376769 -0.13082580813815917
-0.6937747944264409 -0.1257625362026092
-0.6913569440763907 -0.1205281369271684
-0.6890174930205262 -0.11544131021582704
-0.6866861260818645 -0.11034883792570382
-0.6843154991679642 -0.10515277346782177
-0.6819993175399619 -0.10006802471736854
-0.6796751404223391 -0.09496437142243203
-0.6772821314612273 -0.08970801898532087
-0.6749700045811782 -0.08463110008896732
-0.6726665605116896 -0.07958194166854286
-0.6702715479672684 -0.07434082172482087
-0.6679408161851537 -0.06924114017330173
-0.6656096275555257 -0.06414061785415369
-0.6632072942295021 -0.058884711151199615
-0.6608750926063416 -0.05378253813901679
-0.6585423610934731 -0.04867950789800104
-0.6561383696001117 -0.04342094134076912
-0.653804512763898 -0.038316176610531036
-0.6514702091213045 -0.03321086139694013
-0.6490650824180417 -0.027951049769235445
-0.6467231181418973 -0.022838488386549585
-0.6443720430201559 -0.01772710637370407
-0.6419497082603396 -0.012482901627053875
-0.6395981737980059 -0.007416451120274106
-0.6372087674415091 -0.002309428100016355
-0.6347305867828525 0.0029426068442468477
-0.6323116893408735 0.008025674345451383
-0.6298928927887317 0.013060582208645278
-0.6273534288545511 0.018283768090606157
-0.6248562549594244 0.023354613151032228
-0.6223338943772805 0.028413121671093132
-0.6196983595407493 0.033623241167412325
-0.617105413656455 0.03866471362936129
-0.6144786566291622 0.04368976448869879
-0.6117370232996977 0.048849668525917114
-0.6090419421129735 0.05384054088339546
-0.6063138374012659 0.05881336789832972
-0.6034690906197667 0.06391715323952435
-0.6006764023662495 0.06885008435021996
-0.5978613548323368 0.07374800421714413
-0.5949253215398878 0.07878080178520329
-0.5920368528177039 0.08365731850007682
-0.5891166064037167 0.0885146126888786
-0.5860744583278977 0.09349929428572883
-0.5830895319004546 0.09831777437944493
-0.5800731968408591 0.10311622207850273
-0.5769359941907592 0.10803425405789864
-0.5738796784498005 0.11275162316110611
-0.5707904795087944 0.11744316484309665
-0.5675462447654734 0.12229384993948557
-0.5643626234059337 0.1269851864343995
-0.5611474768160088 0.13165591525484624
-0.5578021147144034 0.13644628485606158
-0.5545240272751475 0.14107353181878982
-0.5512159585360445 0.14567813847056119
-0.5477794159533274 0.15039567628052317
-0.5444302630262067 0.15493007071652418
-0.5410385470342438 0.15946158360610346
-0.5375092955880666 0.16411188718993405
-0.5340534912532129 0.168602931456639
-0.5305677867484581 0.17307183183420782
-0.5269452052181477 0.1776529007422457
-0.5233989981819865 0.18207641641422972
-0.5198233845018905 0.1864770216337684
-0.5161089931375072 0.19098652296462382
-0.5124747019102164 0.19533905745623592
-0.508813851848622 0.1996653559552069
-0.5050321682936499 0.20407209180514416
-0.50133929238857 0.20831120669381908
-0.49758817673782174 0.21255583607730674
-0.4936904492653924 0.21690676434533934
-0.4898802167067034 0.22110312292066422
-0.48604966296224494 0.2252671332465846
-0.48209484752218784 0.2295106127763972
-0.47820654069107693 0.23362879913102608
-0.4742898912155181 0.23772267503048305
-0.4702262469235788 0.24191384913758054
-0.4662545043899195 0.24595591070210582
-0.4622556132305579 0.2499724026877272
-0.45810727166886517 0.25408368086319205
-0.4540536211449642 0.2580477403693774
-0.4499731744043953 0.26198572457187386
-0.44574123674844124 0.2660155532870551
-0.4416071047187994 0.2698997943733373
-0.4374471603600791 0.27375688498965267
-0.4331346707294974 0.27770188070214813
-0.42892534462373233 0.2815009151477877
-0.424706956431029 0.28525720587471093
-0.42035248842578105 0.28907836911029666
-0.4160905549120583 0.292766380696279
-0.4118133457595752 0.296421087990155
-0.4073510962316344 0.3001837258228879
-0.4029959537597765 0.3038064989915966
-0.3986167293984182 0.30740080452298196
-0.3940794964082055 0.31107433141415314
-0.3896512542943693 0.31461084881149926
-0.38519907645631196 0.3181186639571238
-0.3805870962601764 0.32170259128140327
-0.37608674728357055 0.32515165192514467
-0.37156290003129805 0.32857153128770383
-0.36687756059725346 0.332064343178823
-0.36230653105265137 0.3354244369195642
-0.35771276601124863 0.3387546579199877
-0.3529439600996216 0.34215826237217273
-0.3482879873080369 0.34542284428877795
-0.3436168416453668 0.348637574936172
-0.3387938378114655 0.35188996566646735
-0.33407100657769967 0.35500971539129955
-0.32932374830283406 0.35807568218177105
-0.32437861867370044 0.36119551188091237
-0.31953096330892944 0.36418562685805567
-0.31465408126525934 0.3671275569311212
-0.30959855404973485 0.3701083795484121
-0.3046621026587506 0.37295249403360525
-0.29969688010494 0.37574800632613886
-0.2945515697311096 0.3785770836066282
-0.28952930603363464 0.3812730005330362
-0.284479674037267 0.3839193990553651
-0.27924909098018247 0.386593792075068
-0.27414667789623887 0.38913812174339296
-0.26902034961549015 0.3916312411982756
-0.2637184356409523 0.3941446201780531
-0.258581569111367 0.39651846997611717
-0.253408963214585 0.3988495654333588
-0.24803295853162624 0.4012082259283359
-0.24279314343091032 0.4034449594295194
-0.2375313455296536 0.405630067834775
-0.2320878899337302 0.40782697600691986
-0.22678574498828902 0.4099056124005767
-0.2214813375916524 0.4119237325837703
-0.21598549207887224 0.4139491438678741
-0.21061845259982062 0.4158657493452205
-0.20523264258009777 0.41772895222490014
-0.19966384807986678 0.4195927815534307
-0.19424012947219624 0.4213473873393352
-0.18879942747615633 0.42304791920203083
-0.18317758811405102 0.4247430618723506
-0.177709941472279 0.4263321877761553
-0.17226220170788023 0.4278587500778351
-0.16662475598600407 0.429380123260332
-0.16111021969137565 0.43080965064318194
-0.1555824788920929 0.43218455938100203
-0.14987251238115026 0.4335442358599303
-0.14431658934793865 0.4348085564475287
-0.1387474607507834 0.43601816808707033
-0.1329963346062379 0.4372070597447861
-0.12740230902048622 0.43830509303749055
-0.12179726005411236 0.43934784985841
-0.11601168272441813 0.44036414100703875
-0.11038730893118534 0.4412939896229389
-0.10476171509608553 0.44216659637323114
-0.09895694709598718 0.4430058382787209
-0.0933083323773345 0.443764370417808
-0.08765843557583364 0.44446627792036686
-0.08186783041357659 0.4451281830888784
-0.07623501174246881 0.4457172448710695
-0.07056424948352379 0.4462541349499686
-0.06471754193703395 0.446748588415404
-0.05903753211855927 0.44717163857462106
-0.05335276199490542 0.44753860263333806
-0.04749127426091962 0.44785793556501335
-0.04179838862680467 0.4481107779302703
-0.03610227805448308 0.44830730650841394
-0.030230741046905152 0.44845082662692065
-0.024529721198083353 0.4485328401463441
-0.018827133684097882 0.4485583681193107
-0.012950897987140884 0.448525552193761
-0.007248443899446637 0.44843632728147115
